182 n/a 574
188 inc 1 595
204 inc 2 612
203 inc 3 614
205 inc 4 619
206 inc 5 630
208 inc 6 641
216 inc 7 651
217 inc 8 654
218 inc 9 662
219 inc 10 670
225 dec 0 658
226 dec 1 637
207 dec 2 616
204 inc 11 626
205 inc 12 677
217 inc 13 726
255 inc 14 779
254 inc 15 785
270 inc 16 793
261 dec 3 787
262 inc 17 791
264 dec 4 784
265 dec 5 777
255 dec 6 761
257 dec 7 754
249 dec 8 746
248 inc 18 747
249 inc 19 764
250 inc 20 801
265 inc 21 859
286 inc 22 903
308 inc 23 934
309 inc 24 952
317 inc 25 971
326 dec 9 970
328 dec 10 962
316 inc 26 967
318 inc 27 981
333 dec 11 956
330 dec 12 915
293 dec 13 879
292 inc 28 907
294 inc 29 928
321 inc 30 941
313 dec 14 921
307 dec 15 904
301 dec 16 888
296 dec 17 882
291 inc 31 883
295 inc 32 896
297 inc 33 915
304 inc 34 949
314 inc 35 975
331 inc 36 1003
330 dec 18 997
342 dec 19 991
325 inc 37 1003
324 inc 38 1038
354 inc 39 1082
360 inc 40 1099
368 inc 41 1111
371 inc 42 1116
372 inc 43 1119
373 inc 44 1128
374 inc 45 1139
381 inc 46 1152
384 inc 47 1160
387 inc 48 1166
389 inc 49 1171
390 inc 50 1175
392 dec 20 1167
393 dec 21 1136
382 dec 22 1093
361 dec 23 1067
350 dec 24 1063
356 inc 51 1072
357 inc 52 1079
359 inc 53 1093
363 inc 54 1125
371 inc 55 1160
391 inc 56 1191
398 inc 57 1203
402 dec 25 1202
403 dec 26 1194
397 dec 27 1188
394 dec 28 1187
397 inc 58 1191
396 inc 59 1193
398 dec 29 1190
399 inc 60 1203
393 inc 61 1221
411 inc 62 1256
417 inc 63 1274
428 inc 64 1313
429 inc 65 1331
456 inc 66 1353
446 inc 67 1356
451 inc 68 1366
459 inc 69 1375
456 dec 30 1374
460 dec 31 1369
458 dec 32 1364
451 dec 33 1358
455 dec 34 1353
452 dec 35 1349
446 dec 36 1345
451 dec 37 1343
448 inc 70 1368
444 inc 71 1398
476 inc 72 1434
478 inc 73 1461
480 inc 74 1485
503 inc 75 1509
502 dec 38 1502
504 inc 76 1511
496 inc 77 1525
511 inc 78 1560
518 inc 79 1592
531 inc 80 1618
543 dec 39 1603
544 dec 40 1572
516 dec 41 1539
512 dec 42 1537
511 inc 81 1549
514 inc 82 1560
524 inc 83 1569
522 inc 84 1580
523 inc 85 1616
535 inc 86 1669
558 inc 87 1723
576 inc 88 1749
589 inc 89 1753
584 dec 43 1746
580 dec 44 1743
582 eq 0 1743
581 dec 45 1732
580 dec 46 1721
571 dec 47 1719
570 inc 90 1764
578 inc 91 1803
616 inc 92 1835
609 dec 48 1822
610 dec 49 1817
603 inc 93 1821
604 inc 94 1833
614 inc 95 1845
615 eq 1 1845
616 dec 50 1842
614 dec 51 1830
612 dec 52 1817
604 dec 53 1811
601 eq 2 1811
606 dec 54 1810
604 dec 55 1803
600 dec 56 1799
599 inc 96 1808
600 inc 97 1823
609 inc 98 1830
614 inc 99 1852
607 inc 100 1867
631 inc 101 1891
629 inc 102 1897
631 inc 103 1921
637 inc 104 1951
653 inc 105 1974
661 inc 106 1982
660 inc 107 2026
661 inc 108 2087
705 inc 109 2145
721 inc 110 2162
719 dec 57 2148
722 inc 111 2149
707 inc 112 2152
720 inc 113 2166
725 inc 114 2175
721 inc 115 2180
729 inc 116 2188
730 inc 117 2189
729 dec 58 2177
730 dec 59 2176
718 inc 118 2179
728 dec 60 2170
733 dec 61 2154
709 dec 62 2120
712 dec 63 2081
699 dec 64 2040
670 dec 65 2011
671 dec 66 1996
670 dec 67 1966
655 dec 68 1954
641 inc 119 1960
658 inc 120 1978
661 dec 69 1968
659 dec 70 1956
648 dec 71 1941
649 dec 72 1936
644 dec 73 1929
643 dec 74 1928
642 dec 75 1921
643 inc 121 1935
636 inc 122 1952
656 inc 123 1986
660 inc 124 2007
670 inc 125 2026
677 inc 126 2032
679 dec 76 2013
676 dec 77 1993
658 dec 78 1968
659 dec 79 1966
651 dec 80 1944
656 dec 81 1925
637 dec 82 1894
632 dec 83 1881
625 dec 84 1834
624 dec 85 1799
585 dec 86 1766
590 inc 127 1775
591 inc 128 1780
594 inc 129 1785
595 inc 130 1798
596 dec 87 1787
607 dec 88 1777
584 dec 89 1757
586 inc 131 1770
587 inc 132 1773
597 inc 133 1774
589 dec 90 1766
588 inc 134 1776
589 inc 135 1785
599 inc 136 1802
597 dec 91 1795
606 inc 137 1810
592 inc 138 1818
612 inc 139 1834
614 dec 92 1824
608 dec 93 1811
602 dec 94 1777
601 dec 95 1742
574 dec 96 1698
567 dec 97 1659
557 dec 98 1625
535 dec 99 1602
533 eq 3 1602
534 dec 100 1578
535 dec 101 1564
509 dec 102 1554
520 inc 140 1584
525 inc 141 1599
539 inc 142 1620
535 inc 143 1632
546 inc 144 1663
551 inc 145 1688
566 inc 146 1701
571 inc 147 1702
564 dec 103 1687
567 inc 148 1689
556 eq 4 1689
566 inc 149 1699
567 inc 150 1712
566 inc 151 1755
579 inc 152 1802
610 inc 153 1843
613 inc 154 1854
620 dec 104 1839
621 dec 105 1818
598 inc 155 1823
599 inc 156 1858
626 inc 157 1918
633 inc 158 1933
659 inc 159 1942
641 dec 106 1926
642 eq 5 1926
643 eq 6 1926
641 inc 160 1929
642 inc 161 1949
646 inc 162 1969
661 inc 163 1991
662 inc 164 2004
668 inc 165 2018
674 inc 166 2031
676 inc 167 2046
681 inc 168 2060
689 inc 169 2068
690 dec 107 2056
689 inc 170 2063
677 inc 171 2074
697 inc 172 2109
700 inc 173 2114
712 inc 174 2118
702 dec 108 2113
704 inc 175 2119
707 inc 176 2120
708 dec 109 2119
705 inc 177 2120
706 dec 110 2119
709 dec 111 2118
704 dec 112 2115
705 inc 178 2116
706 dec 113 2109
705 dec 114 2097
698 dec 115 2085
694 dec 116 2081
693 dec 117 2079
694 dec 118 2075
692 dec 119 2067
689 dec 120 2063
686 inc 179 2068
688 inc 180 2102
694 inc 181 2135
720 inc 182 2174
721 inc 183 2186
733 dec 121 2181
732 dec 122 2150
716 dec 123 2122
702 dec 124 2116
704 dec 125 2115
710 dec 126 2109
701 dec 127 2102
698 inc 184 2105
703 inc 185 2109
704 eq 7 2109
702 inc 186 2128
703 inc 187 2139
723 inc 188 2158
713 inc 189 2159
722 inc 190 2185
724 inc 191 2203
739 inc 192 2220
740 inc 193 2224
741 inc 194 2225
743 dec 128 2211
741 dec 129 2192
727 dec 130 2155
724 dec 131 2127
704 dec 132 2118
699 inc 195 2124
715 eq 8 2124
710 dec 133 2107
699 dec 134 2088
698 dec 135 2083
691 dec 136 2067
694 dec 137 2059
682 dec 138 2049
683 eq 9 2049
684 dec 139 2022
682 dec 140 1995
656 dec 141 1975
657 inc 196 1983
662 inc 197 1994
664 eq 10 1994
668 inc 198 1995
662 dec 142 1976
665 inc 199 1981
649 inc 200 1982
667 inc 201 2000
666 dec 143 1972
667 dec 144 1943
639 dec 145 1915
637 dec 146 1896
639 dec 147 1877
620 dec 148 1859
618 dec 149 1856
621 dec 150 1842
617 dec 151 1826
604 dec 152 1815
605 dec 153 1812
606 dec 154 1810
601 eq 11 1810
603 inc 202 1818
606 inc 203 1825
609 inc 204 1830
610 inc 205 1836
611 inc 206 1843
615 inc 207 1847
617 inc 208 1853
615 inc 209 1855
621 inc 210 1861
619 dec 155 1852
621 dec 156 1835
612 dec 157 1815
602 inc 211 1820
601 inc 212 1836
617 inc 213 1866
618 inc 214 1875
631 inc 215 1890
626 dec 158 1868
633 dec 159 1849
609 dec 160 1826
607 inc 216 1828
610 inc 217 1831
611 inc 218 1836
610 inc 219 1844
615 inc 220 1856
619 inc 221 1862
622 inc 222 1865
621 inc 223 1869
622 inc 224 1885
626 dec 161 1876
637 dec 162 1853
613 dec 163 1828
603 inc 225 1829
612 inc 226 1837
614 dec 164 1832
611 inc 227 1846
607 inc 228 1874
628 inc 229 1910
639 inc 230 1926
643 inc 231 1930
644 dec 165 1929
643 dec 166 1926
642 dec 167 1925
641 dec 168 1924
642 inc 232 1925
641 inc 233 1931
642 inc 234 1939
648 inc 235 1949
649 inc 236 1955
652 inc 237 1963
654 inc 238 1970
657 inc 239 1998
659 inc 240 2028
682 inc 241 2057
687 inc 242 2064
688 dec 169 2055
689 inc 243 2064
678 inc 244 2074
697 inc 245 2099
699 inc 246 2122
703 inc 247 2134
720 inc 248 2143
711 dec 170 2137
712 inc 249 2139
714 dec 171 2126
713 dec 172 2110
699 dec 173 2104
698 inc 250 2115
707 inc 251 2119
710 dec 174 2106
702 dec 175 2080
694 dec 176 2060
684 dec 177 2042
682 dec 178 2038
676 dec 179 2035
680 dec 180 2021
679 dec 181 2007
662 dec 182 1996
666 inc 252 2015
668 inc 253 2020
681 dec 183 2017
671 dec 184 2002
665 dec 185 1993
666 dec 186 1957
662 dec 187 1932
629 dec 188 1902
641 inc 254 1906
632 dec 189 1897
633 inc 255 1906
632 inc 256 1917
641 inc 257 1926
644 inc 258 1932
641 dec 190 1931
647 eq 12 1931
643 dec 191 1926
641 eq 13 1926
642 inc 259 1930
643 inc 260 1935
645 inc 261 1938
647 eq 14 1938
646 inc 262 1939
645 inc 263 1942
648 inc 264 1945
649 dec 192 1934
648 dec 193 1889
637 dec 194 1846
604 dec 195 1809
605 dec 196 1806
600 dec 197 1800
601 dec 198 1798
599 dec 199 1794
598 dec 200 1786
597 dec 201 1780
591 dec 202 1773
592 eq 15 1773
590 dec 203 1746
591 dec 204 1732
565 dec 205 1718
576 inc 265 1731
577 inc 266 1736
578 inc 267 1742
581 inc 268 1750
583 inc 269 1756
586 inc 270 1771
587 inc 271 1789
598 inc 272 1809
604 inc 273 1815
607 dec 206 1813
604 inc 274 1815
602 inc 275 1817
609 inc 276 1824
606 inc 277 1835
609 inc 278 1850
620 inc 279 1870
621 inc 280 1872
629 dec 207 1871
622 dec 208 1860
620 dec 209 1858
618 inc 281 1870
620 inc 282 1906
632 inc 283 1946
654 inc 284 1975
660 inc 285 1979
661 dec 210 1976
658 dec 211 1971
657 inc 286 1993
656 inc 287 2018
680 inc 288 2050
682 eq 16 2050
688 dec 212 2041
680 dec 213 2016
673 dec 214 2001
663 dec 215 1996
665 eq 17 1996
668 inc 289 2000
663 inc 290 2002
669 dec 216 2001
670 dec 217 2000
662 dec 218 1995
668 inc 291 2005
665 inc 292 2015
672 inc 293 2026
678 inc 294 2033
676 inc 295 2035
679 dec 219 2032
680 dec 220 2027
673 dec 221 2024
674 inc 296 2029
677 inc 297 2034
678 inc 298 2037
679 inc 299 2040
680 dec 222 2020
681 dec 223 2004
659 dec 224 1985
664 dec 225 1983
662 eq 18 1983
657 inc 300 1984
664 inc 301 1993
663 inc 302 2025
666 inc 303 2074
696 inc 304 2116
712 inc 305 2129
708 dec 226 2127
709 inc 306 2144
710 inc 307 2164
725 inc 308 2189
729 inc 309 2195
735 inc 310 2198
731 inc 311 2212
732 inc 312 2227
749 dec 227 2221
746 dec 228 2199
726 dec 229 2185
727 inc 313 2200
732 inc 314 2207
741 inc 315 2208
734 dec 230 2190
733 dec 231 2178
723 dec 232 2165
722 dec 233 2164
720 dec 234 2161
722 dec 235 2152
719 dec 236 2125
711 dec 237 2102
695 dec 238 2090
696 inc 316 2095
699 inc 317 2100
700 inc 318 2125
701 inc 319 2150
724 inc 320 2171
725 dec 239 2170
722 dec 240 2160
723 dec 241 2154
715 dec 242 2148
716 dec 243 2147
717 dec 244 2146
714 eq 19 2146
715 inc 321 2148
717 eq 20 2148
716 inc 322 2154
715 inc 323 2166
723 inc 324 2180
728 inc 325 2190
729 inc 326 2196
733 inc 327 2202
734 inc 328 2205
735 inc 329 2219
736 inc 330 2272
748 inc 331 2330
788 inc 332 2377
794 inc 333 2382
795 dec 245 2380
793 inc 334 2388
792 inc 335 2400
803 inc 336 2412
805 inc 337 2414
804 dec 246 2413
805 inc 338 2415
804 eq 21 2415
806 dec 247 2395
805 dec 248 2381
784 dec 249 2354
792 dec 250 2347
778 dec 251 2342
777 inc 339 2363
787 inc 340 2380
799 inc 341 2401
794 inc 342 2413
808 inc 343 2432
811 inc 344 2439
813 inc 345 2440
815 dec 252 2436
812 inc 346 2454
809 inc 347 2501
833 inc 348 2555
859 inc 349 2586
863 inc 350 2593
864 inc 351 2595
866 dec 253 2594
865 dec 254 2578
863 dec 255 2558
850 dec 256 2539
845 inc 352 2543
844 inc 353 2558
854 inc 354 2575
860 inc 355 2586
861 inc 356 2595
865 dec 257 2585
869 dec 258 2570
851 dec 259 2554
850 inc 357 2577
853 inc 358 2602
874 inc 359 2625
875 inc 360 2626
876 inc 361 2627
875 dec 260 2626
876 inc 362 2630
875 inc 363 2634
879 inc 364 2647
880 inc 365 2659
888 inc 366 2669
891 inc 367 2683
890 inc 368 2696
902 inc 369 2698
904 dec 261 2689
892 dec 262 2677
893 inc 370 2685
892 inc 371 2697
900 inc 372 2723
905 inc 373 2748
918 inc 374 2767
925 inc 375 2772
924 dec 263 2761
923 eq 22 2761
914 inc 376 2763
924 inc 377 2775
925 inc 378 2803
926 inc 379 2831
952 inc 380 2856
953 dec 264 2851
951 inc 381 2855
947 inc 382 2875
957 inc 383 2896
971 inc 384 2921
968 eq 23 2921
982 inc 385 2927
971 dec 265 2920
974 dec 266 2907
975 dec 267 2876
958 dec 268 2851
943 dec 269 2827
950 dec 270 2824
934 dec 271 2823
940 inc 386 2836
949 inc 387 2837
947 inc 388 2860
941 inc 389 2884
972 inc 390 2910
971 dec 272 2907
967 dec 273 2904
969 dec 274 2901
968 inc 391 2904
964 dec 275 2902
972 inc 392 2914
966 inc 393 2917
976 dec 276 2913
975 dec 277 2896
962 dec 278 2883
959 inc 394 2888
962 inc 395 2894
967 inc 396 2898
965 dec 279 2894
966 dec 280 2888
963 dec 281 2882
959 dec 282 2878
960 inc 397 2880
959 inc 398 2882
961 dec 283 2872
962 dec 284 2861
949 dec 285 2855
950 inc 399 2863
956 inc 400 2874
957 dec 286 2871
961 dec 287 2863
953 dec 288 2858
949 inc 401 2859
956 inc 402 2865
954 dec 289 2828
955 dec 290 2795
919 dec 291 2753
921 inc 403 2759
913 eq 24 2759
925 inc 404 2791
921 inc 405 2813
945 inc 406 2840
947 inc 407 2858
948 inc 408 2887
963 inc 409 2913
976 inc 410 2930
974 inc 411 2935
980 inc 412 2943
981 dec 292 2941
982 inc 413 2942
978 inc 414 2948
982 inc 415 2955
988 inc 416 2968
985 inc 417 2974
995 dec 293 2970
994 dec 294 2960
981 dec 295 2946
985 inc 418 2949
980 inc 419 2963
984 inc 420 2984
999 inc 421 3002
1001 inc 422 3023
1002 inc 423 3043
1020 inc 424 3076
1021 inc 425 3100
1035 inc 426 3119
1044 inc 427 3144
1040 inc 428 3174
1060 inc 429 3209
1074 inc 430 3227
1075 dec 296 3209
1078 dec 297 3196
1056 dec 298 3177
1062 inc 431 3181
1059 dec 299 3177
1060 inc 432 3181
1058 inc 433 3187
1063 inc 434 3197
1066 inc 435 3203
1068 inc 436 3205
1069 inc 437 3219
1068 inc 438 3231
1082 inc 439 3245
1081 inc 440 3249
1082 dec 300 3243
1086 inc 441 3248
1075 dec 301 3247
1087 inc 442 3259
1085 inc 443 3269
1087 inc 444 3280
1097 inc 445 3291
1096 dec 302 3287
1098 inc 446 3293
1093 inc 447 3309
1102 inc 448 3335
1114 inc 449 3361
1119 inc 450 3374
1128 dec 303 3367
1127 dec 304 3352
1112 dec 305 3337
1113 inc 451 3339
1112 inc 452 3359
1114 inc 453 3385
1133 inc 454 3408
1138 inc 455 3419
1137 inc 456 3427
1144 inc 457 3434
1146 inc 458 3435
1144 inc 459 3437
1145 dec 306 3436
1148 inc 460 3441
1143 inc 461 3444
1150 inc 462 3454
1151 inc 463 3456
1153 inc 464 3458
1152 dec 307 3439
1153 dec 308 3411
1134 dec 309 3404
1124 inc 465 3415
1146 inc 466 3431
1145 dec 310 3428
1140 dec 311 3427
1143 inc 467 3430
1144 inc 468 3431
1143 inc 469 3435
1144 inc 470 3441
1148 inc 471 3448
1149 inc 472 3453
1151 inc 473 3456
1153 eq 25 3456
1152 inc 474 3458
1151 inc 475 3462
1155 inc 476 3466
1156 dec 312 3463
1155 inc 477 3494
1152 inc 478 3521
1187 inc 479 3570
1182 inc 480 3589
1201 inc 481 3618
1206 inc 482 3621
1211 dec 313 3620
1204 dec 314 3613
1205 dec 315 3612
1204 eq 26 3612
1203 inc 483 3614
1205 dec 316 3598
1206 dec 317 3581
1187 dec 318 3571
1188 inc 484 3590
1196 inc 485 3607
1206 inc 486 3619
1205 dec 319 3614
1208 inc 487 3627
1201 inc 488 3631
1218 inc 489 3650
1212 dec 320 3633
1220 dec 321 3625
1201 dec 322 3615
1204 inc 490 3642
1210 inc 491 3672
1228 inc 492 3699
1234 dec 323 3696
1237 dec 324 3686
1225 dec 325 3672
1224 dec 326 3654
1223 dec 327 3638
1207 dec 328 3622
1208 inc 493 3628
1207 dec 329 3612
1213 dec 330 3605
1192 dec 331 3590
1200 inc 494 3607
1198 dec 332 3604
1209 inc 495 3615
1197 inc 496 3621
1209 dec 333 3617
1215 inc 497 3642
1193 inc 498 3660
1234 inc 499 3683
1233 dec 334 3662
1216 inc 500 3664
1213 inc 501 3687
1235 inc 502 3711
1239 dec 335 3707
1237 dec 336 3703
1231 inc 503 3706
1235 inc 504 3728
1240 inc 505 3761
1253 inc 506 3791
1268 inc 507 3817
1270 inc 508 3827
1279 inc 509 3837
1278 inc 510 3843
1280 inc 511 3884
1285 inc 512 3927
1319 inc 513 3966
1323 inc 514 3976
1324 inc 515 3977
1329 inc 516 3983
1324 inc 517 3988
1330 dec 337 3972
1334 dec 338 3954
1308 dec 339 3928
1312 dec 340 3927
1308 dec 341 3901
1307 dec 342 3881
1286 dec 343 3868
1288 inc 518 3904
1294 inc 519 3941
1322 inc 520 3983
1325 inc 521 3985
1336 inc 522 3990
1324 dec 344 3985
1330 inc 523 3989
1331 inc 524 4001
1328 inc 525 4011
1342 inc 526 4026
1341 inc 527 4029
1343 inc 528 4039
1345 inc 529 4048
1351 inc 530 4061
1352 inc 531 4067
1358 inc 532 4078
1357 inc 533 4082
1363 inc 534 4083
1362 inc 535 4105
1358 inc 536 4127
1385 inc 537 4164
1384 inc 538 4173
1395 inc 539 4184
1394 inc 540 4191
1395 inc 541 4206
1402 dec 345 4188
1409 dec 346 4164
1377 dec 347 4095
1378 dec 348 4059
1340 dec 349 4020
1341 dec 350 4018
1339 dec 351 4012
1338 inc 542 4021
1335 inc 543 4034
1348 inc 544 4062
1351 inc 545 4072
1363 inc 546 4080
1358 dec 352 4052
1359 dec 353 4041
1335 dec 354 4019
1347 inc 547 4024
1337 dec 355 4016
1340 dec 356 4008
1339 eq 27 4008
1329 dec 357 4003
1340 inc 548 4011
1334 dec 358 4010
1337 inc 549 4016
1339 inc 550 4020
1340 inc 551 4026
1341 inc 552 4032
1345 inc 553 4040
1346 dec 359 4039
1349 dec 360 4038
1344 dec 361 4035
1345 inc 554 4045
1346 dec 362 4040
1354 dec 363 4009
1340 dec 364 3974
1315 dec 365 3955
1319 inc 555 3960
1321 inc 556 3974
1320 inc 557 3987
1333 inc 558 3995
1334 dec 366 3980
1328 dec 367 3955
1318 dec 368 3931
1309 inc 559 3937
1304 inc 560 3967
1324 inc 561 3977
1339 dec 369 3966
1314 dec 370 3937
1313 dec 371 3934
1310 inc 562 3935
1311 inc 563 3941
1314 inc 564 3947
1316 inc 565 3951
1317 inc 566 3954
1318 inc 567 3957
1319 inc 568 3967
1320 inc 569 3985
1328 inc 570 4015
1337 inc 571 4040
1350 inc 572 4050
1353 dec 372 4049
1347 dec 373 4034
1349 dec 374 4026
1338 dec 375 4013
1339 inc 573 4019
1336 dec 376 4009
1344 dec 377 3993
1329 dec 378 3971
1320 inc 574 3985
1322 inc 575 4011
1343 inc 576 4039
1346 dec 379 4002
1350 dec 380 3964
1306 dec 381 3920
1308 dec 382 3917
1306 inc 577 3929
1303 inc 578 3944
1320 inc 579 3961
1321 inc 580 3962
1320 dec 383 3961
1321 inc 581 3971
1320 inc 582 3978
1330 inc 583 3992
1328 inc 584 4012
1334 inc 585 4033
1350 inc 586 4047
1349 eq 28 4047
1348 dec 384 4045
1350 inc 587 4047
1347 inc 588 4048
1350 inc 589 4059
1351 inc 590 4065
1358 inc 591 4078
1356 inc 592 4094
1364 inc 593 4113
1374 dec 385 4103
1375 dec 386 4080
1354 dec 387 4065
1351 inc 594 4075
1360 dec 388 4072
1364 inc 595 4073
1348 dec 389 4065
1361 inc 596 4074
1356 dec 390 4067
1357 inc 597 4068
1354 dec 391 4063
1357 dec 392 4043
1352 dec 393 4021
1334 dec 394 3999
1335 inc 598 4020
1330 inc 599 4039
1355 inc 600 4062
1354 dec 395 4061
1353 inc 601 4062
1354 inc 602 4070
1355 inc 603 4076
1361 inc 604 4079
1360 dec 396 4074
1358 dec 397 4073
1356 inc 605 4086
1359 inc 606 4102
1371 inc 607 4121
1372 inc 608 4127
1378 inc 609 4131
1377 dec 398 4108
1376 dec 399 4088
1355 dec 400 4067
1357 inc 610 4068
1355 eq 29 4068
1356 inc 611 4077
1357 inc 612 4099
1364 inc 613 4121
1378 inc 614 4137
1379 dec 401 4133
1380 inc 615 4135
1374 inc 616 4144
1381 inc 617 4166
1389 inc 618 4187
1396 inc 619 4201
1402 dec 402 4189
1403 dec 403 4173
1384 dec 404 4157
1386 inc 620 4182
1387 inc 621 4209
1409 inc 622 4241
1413 inc 623 4252
1419 inc 624 4260
1420 inc 625 4268
1421 inc 626 4301
1427 inc 627 4336
1453 inc 628 4362
1456 dec 405 4334
1453 dec 406 4305
1425 dec 407 4280
1427 dec 408 4279
1428 dec 409 4272
1424 dec 410 4261
1420 dec 411 4258
1417 dec 412 4250
1421 dec 413 4246
1412 dec 414 4240
1413 inc 629 4242
1415 dec 415 4240
1414 dec 416 4237
1411 dec 417 4236
1412 inc 630 4250
1413 inc 631 4264
1425 inc 632 4291
1426 inc 633 4336
1440 inc 634 4371
1470 inc 635 4397
1461 dec 418 4384
1466 dec 419 4383
1457 inc 636 4411
1460 inc 637 4435
1494 inc 638 4458
1481 dec 420 4446
1483 eq 30 4446
1482 dec 421 4445
1481 dec 422 4444
1482 inc 639 4446
1481 inc 640 4463
1483 inc 641 4467
1499 inc 642 4470
1485 dec 423 4458
1486 inc 643 4461
1487 inc 644 4464
1488 dec 424 4445
1489 dec 425 4429
1468 dec 426 4409
1472 inc 645 4411
1469 inc 646 4418
1470 inc 647 4427
1479 inc 648 4436
1478 inc 649 4442
1479 dec 427 4425
1485 dec 428 4406
1461 dec 429 4377
1460 dec 430 4371
1456 dec 431 4367
1455 dec 432 4366
1456 dec 433 4360
1455 dec 434 4350
1449 dec 435 4343
1446 inc 650 4345
1448 inc 651 4351
1451 dec 436 4342
1452 dec 437 4331
1439 dec 438 4321
1440 inc 652 4330
1442 inc 653 4335
1448 dec 439 4325
1445 dec 440 4310
1432 dec 441 4299
1433 dec 442 4282
1434 dec 443 4269
1415 dec 444 4247
1420 dec 445 4245
1412 dec 446 4244
1413 inc 654 4252
1419 dec 447 4244
1420 dec 448 4226
1405 dec 449 4209
1401 dec 450 4181
1403 dec 451 4160
1377 dec 452 4139
1380 inc 655 4145
1382 dec 453 4144
1383 dec 454 4143
1379 inc 656 4163
1381 inc 657 4189
1403 inc 658 4236
1405 inc 659 4262
1428 inc 660 4288
1429 dec 455 4284
1431 dec 456 4270
1424 dec 457 4259
1415 eq 31 4259
1420 inc 661 4273
1424 inc 662 4292
1429 inc 663 4308
1439 inc 664 4317
1440 inc 665 4318
1438 inc 666 4326
1440 inc 667 4330
1448 inc 668 4331
1442 dec 458 4322
1441 dec 459 4321
1439 inc 669 4322
1441 inc 670 4327
1442 inc 671 4335
1444 inc 672 4343
1449 inc 673 4348
1450 dec 460 4345
1449 inc 674 4372
1446 inc 675 4389
1477 inc 676 4410
1466 inc 677 4429
1467 inc 678 4466
1496 inc 679 4528
1503 inc 680 4570
1529 inc 681 4606
1538 dec 461 4605
1539 inc 682 4625
1528 inc 683 4646
1558 inc 684 4679
1560 inc 685 4694
1561 inc 686 4721
1573 inc 687 4729
1587 dec 462 4722
1569 dec 463 4707
1566 inc 688 4715
1572 inc 689 4734
1577 inc 690 4764
1585 inc 691 4790
1602 inc 692 4811
1603 dec 464 4790
1606 dec 465 4785
1581 dec 466 4778
1598 inc 693 4790
1599 eq 32 4790
1593 dec 467 4786
1598 inc 694 4797
1595 inc 695 4806
1604 inc 696 4817
1607 inc 697 4820
1606 dec 468 4818
1607 inc 698 4826
1605 inc 699 4848
1614 inc 700 4879
1629 inc 701 4903
1636 inc 702 4930
1638 inc 703 4958
1656 inc 704 4988
1664 inc 705 5003
1668 inc 706 5026
1671 inc 707 5041
1687 inc 708 5070
1683 inc 709 5086
1700 inc 710 5109
1703 inc 711 5129
1706 inc 712 5145
1720 inc 713 5157
1719 eq 33 5157
1718 dec 469 5139
1720 dec 470 5121
1701 dec 471 5102
1700 inc 714 5103
1701 inc 715 5107
1702 inc 716 5113
1704 dec 472 5111
1707 inc 717 5119
1700 inc 718 5120
1712 inc 719 5132
1708 inc 720 5149
1712 inc 721 5169
1729 inc 722 5186
1728 inc 723 5187
1729 inc 724 5197
1730 inc 725 5209
1738 eq 34 5209
1741 dec 473 5204
1730 dec 474 5193
1733 dec 475 5192
1730 dec 476 5185
1729 dec 477 5183
1726 inc 726 5199
1728 inc 727 5228
1745 inc 728 5254
1755 inc 729 5264
1754 inc 730 5269
1755 dec 478 5268
1760 dec 479 5260
1753 dec 480 5246
1747 dec 481 5240
1746 inc 731 5242
1747 inc 732 5246
1749 inc 733 5247
1750 eq 35 5247
1748 dec 482 5240
1749 dec 483 5237
1743 inc 734 5242
1745 inc 735 5256
1754 inc 736 5274
1757 inc 737 5286
1763 inc 738 5304
1766 inc 739 5314
1775 inc 740 5322
1773 dec 484 5320
1774 dec 485 5293
1773 dec 486 5266
1746 dec 487 5225
1747 dec 488 5209
1732 dec 489 5171
1730 dec 490 5160
1709 dec 491 5157
1721 inc 741 5166
1727 dec 492 5162
1718 dec 493 5136
1717 dec 494 5118
1701 dec 495 5102
1700 inc 742 5106
1701 inc 743 5118
1705 inc 744 5140
1712 inc 745 5159
1723 inc 746 5172
1724 dec 496 5169
1725 inc 747 5172
1720 inc 748 5175
1727 inc 749 5201
1728 inc 750 5218
1746 inc 751 5250
1744 inc 752 5252
1760 inc 753 5255
1748 dec 497 5241
1747 inc 754 5264
1746 inc 755 5303
1771 inc 756 5341
1786 inc 757 5356
1784 dec 498 5353
1786 inc 758 5364
1783 inc 759 5371
1795 inc 760 5382
1793 inc 761 5395
1794 eq 36 5395
1808 inc 762 5409
1793 inc 763 5412
1808 inc 764 5426
1811 eq 37 5426
1807 dec 499 5421
1808 inc 765 5455
1806 inc 766 5507
1841 inc 767 5562
1860 dec 500 5561
1861 dec 501 5540
1840 dec 502 5510
1839 dec 503 5506
1831 dec 504 5496
1836 dec 505 5483
1829 dec 506 5463
1818 dec 507 5451
1816 inc 768 5479
1817 inc 769 5498
1846 inc 770 5508
1835 dec 508 5477
1827 dec 509 5458
1815 inc 771 5463
1816 inc 772 5479
1832 inc 773 5493
1831 dec 510 5492
1830 dec 511 5490
1831 dec 512 5488
1829 dec 513 5486
1828 inc 774 5488
1829 inc 775 5490
1831 inc 776 5499
1830 inc 777 5520
1838 inc 778 5543
1852 inc 779 5556
1853 inc 780 5569
1851 inc 781 5582
1865 inc 782 5620
1866 inc 783 5645
1889 inc 784 5667
1890 dec 514 5665
1888 dec 515 5654
1887 dec 516 5625
1879 dec 517 5598
1859 dec 518 5582
1860 inc 785 5590
1863 inc 786 5598
1867 dec 519 5595
1868 inc 787 5600
1860 inc 788 5605
1872 inc 789 5626
1873 inc 790 5649
1881 inc 791 5669
1895 inc 792 5680
1893 inc 793 5684
1892 inc 794 5692
1899 inc 795 5707
1901 inc 796 5724
1907 inc 797 5729
1916 inc 798 5738
1906 inc 799 5739
1916 inc 800 5761
1917 inc 801 5778
1928 inc 802 5782
1933 dec 520 5778
1921 dec 521 5770
1924 inc 803 5784
1925 inc 804 5812
1935 inc 805 5840
1952 inc 806 5864
1953 inc 807 5872
1959 inc 808 5877
1960 inc 809 5880
1958 inc 810 5908
1962 inc 811 5945
1988 inc 812 5968
1995 eq 38 5968
1985 dec 522 5959
1988 inc 813 5963
1986 inc 814 5978
1989 inc 815 5996
2003 inc 816 6016
2004 inc 817 6024
2009 inc 818 6040
2011 inc 819 6052
2020 inc 820 6081
2021 inc 821 6100
2040 inc 822 6103
2039 dec 523 6092
2024 dec 524 6083
2029 inc 823 6096
2030 inc 824 6105
2037 inc 825 6112
2038 inc 826 6115
2037 eq 39 6115
2040 inc 827 6120
2038 inc 828 6125
2042 inc 829 6133
2045 inc 830 6142
2046 inc 831 6143
2051 dec 525 6142
2046 dec 526 6125
2045 dec 527 6112
2034 dec 528 6078
2033 dec 529 6059
2011 dec 530 6051
2015 eq 40 6051
2025 dec 531 6048
2011 dec 532 6034
2012 dec 533 6016
2011 dec 534 6011
1993 dec 535 5999
2007 dec 536 5981
1999 dec 537 5944
1975 dec 538 5930
1970 inc 832 5945
1985 inc 833 5964
1990 inc 834 5965
1989 dec 539 5964
1986 inc 835 5966
1989 inc 836 5975
1991 dec 540 5964
1995 dec 541 5949
1978 dec 542 5910
1976 dec 543 5890
1956 dec 544 5859
1958 dec 545 5833
1945 dec 546 5808
1930 dec 547 5794
1933 dec 548 5790
1931 inc 837 5794
1926 inc 838 5799
1937 inc 839 5808
1936 inc 840 5813
1935 eq 41 5813
1942 dec 549 5812
1936 dec 550 5788
1934 dec 551 5771
1918 dec 552 5760
1919 inc 841 5771
1923 inc 842 5787
1929 inc 843 5816
1935 inc 844 5848
1952 inc 845 5872
1961 inc 846 5880
1959 dec 553 5866
1960 dec 554 5855
1947 dec 555 5844
1948 dec 556 5843
1949 dec 557 5839
1946 inc 847 5851
1944 dec 558 5834
1961 dec 559 5822
1929 dec 560 5805
1932 inc 848 5809
1944 dec 561 5805
1933 dec 562 5781
1928 dec 563 5737
1920 dec 564 5703
1889 dec 565 5669
1894 inc 849 5686
1886 inc 850 5692
1906 inc 851 5701
1900 dec 566 5685
1895 inc 852 5686
1890 inc 853 5695
1901 inc 854 5708
1904 dec 567 5705
1903 inc 855 5722
1898 inc 856 5741
1921 inc 857 5774
1922 inc 858 5786
1931 inc 859 5803
1933 inc 860 5812
1939 inc 861 5818
1940 dec 568 5806
1939 dec 569 5786
1927 dec 570 5781
1920 inc 862 5801
1934 inc 863 5827
1947 inc 864 5849
1946 inc 865 5857
1956 inc 866 5860
1955 dec 571 5855
1949 dec 572 5853
1951 inc 867 5855
1953 dec 573 5853
1951 dec 574 5852
1949 dec 575 5843
1952 dec 576 5839
1942 dec 577 5820
1945 dec 578 5812
1933 dec 579 5784
1934 dec 580 5778
1917 eq 42 5778
1927 dec 581 5774
1934 dec 582 5761
1913 dec 583 5738
1914 dec 584 5737
1911 inc 868 5743
1912 inc 869 5751
1920 inc 870 5754
1919 dec 585 5751
1915 inc 871 5775
1917 inc 872 5811
1943 inc 873 5846
1951 inc 874 5848
1952 dec 586 5847
1945 dec 587 5824
1950 dec 588 5805
1929 dec 589 5788
1926 inc 875 5794
1933 inc 876 5817
1935 inc 877 5831
1949 inc 878 5862
1947 inc 879 5880
1966 dec 590 5878
1967 inc 880 5884
1945 inc 881 5902
1972 inc 882 5919
1985 dec 591 5911
1962 dec 592 5882
1964 dec 593 5862
1956 dec 594 5841
1942 dec 595 5822
1943 dec 596 5816
1937 dec 597 5806
1936 inc 883 5810
1933 inc 884 5823
1941 inc 885 5855
1949 inc 886 5882
1965 inc 887 5902
1968 inc 888 5907
1969 dec 598 5896
1970 dec 599 5883
1957 dec 600 5870
1956 inc 889 5875
1957 dec 601 5858
1962 dec 602 5843
1939 dec 603 5838
1942 inc 890 5855
1957 inc 891 5874
1956 inc 892 5877
1961 inc 893 5880
1960 dec 604 5875
1959 dec 605 5872
1956 inc 894 5896
1957 inc 895 5921
1983 inc 896 5943
1981 dec 606 5936
1979 dec 607 5924
1976 dec 608 5919
1969 dec 609 5895
1974 dec 610 5864
1952 dec 611 5842
1938 inc 897 5845
1952 inc 898 5859
1955 inc 899 5865
1952 dec 612 5862
1958 inc 900 5874
1952 inc 901 5881
1964 inc 902 5885
1965 dec 613 5880
1956 dec 614 5875
1959 inc 903 5881
1960 inc 904 5883
1962 eq 43 5883
1961 inc 905 5888
1960 inc 906 5895
1967 inc 907 5914
1968 inc 908 5936
1979 inc 909 5958
1989 inc 910 5972
1990 inc 911 5987
1993 inc 912 6000
2004 inc 913 6019
2003 inc 914 6021
2012 dec 615 6012
2006 dec 616 5998
1994 dec 617 5980
1998 dec 618 5977
1988 dec 619 5966
1991 dec 620 5964
1987 dec 621 5960
1986 dec 622 5958
1987 dec 623 5954
1985 dec 624 5952
1982 inc 915 5955
1985 inc 916 5963
1988 dec 625 5962
1990 dec 626 5952
1984 dec 627 5929
1978 dec 628 5923
1967 inc 917 5935
1978 inc 918 5952
1990 inc 919 5959
1984 dec 629 5953
1985 inc 920 5954
1984 inc 921 5978
1985 inc 922 6001
2009 inc 923 6016
2007 dec 630 5999
2000 inc 924 6004
1992 inc 925 6015
2012 inc 926 6043
2011 inc 927 6052
2020 inc 928 6063
2021 dec 631 6060
2022 dec 632 6039
2017 dec 633 5992
2000 dec 634 5964
1975 dec 635 5952
1989 eq 44 5952
1988 dec 636 5917
1975 dec 637 5884
1954 dec 638 5856
1955 eq 45 5856
1947 inc 929 5872
1954 inc 930 5895
1971 inc 931 5914
1970 inc 932 5924
1973 inc 933 5936
1981 inc 934 5947
1982 inc 935 5962
1984 inc 936 5972
1996 inc 937 5982
1992 eq 46 5982
1994 inc 938 5987
1996 inc 939 5994
1997 inc 940 5996
2001 inc 941 5999
1998 dec 639 5996
2000 dec 640 5995
1998 dec 641 5994
1997 inc 942 6003
1999 inc 943 6007
2007 inc 944 6015
2001 dec 642 6013
2007 inc 945 6015
2005 dec 643 6009
2003 dec 644 6007
2001 dec 645 6003
2003 dec 646 5999
1999 dec 647 5976
1997 dec 648 5958
1980 inc 946 5960
1981 inc 947 5985
1999 inc 948 6015
2005 inc 949 6032
2011 inc 950 6044
2016 inc 951 6059
2017 inc 952 6070
2026 inc 953 6073
2027 dec 649 6068
2020 dec 650 6064
2021 inc 954 6068
2023 inc 955 6072
2024 inc 956 6073
2025 inc 957 6074
2024 inc 958 6078
2025 inc 959 6087
2029 inc 960 6097
2033 inc 961 6107
2035 inc 962 6125
2039 inc 963 6142
2051 inc 964 6157
2052 inc 965 6171
2054 inc 966 6201
2065 inc 967 6231
2082 inc 968 6267
2084 inc 969 6282
2101 inc 970 6294
2097 dec 651 6290
2096 dec 652 6285
2097 inc 971 6293
2092 inc 972 6301
2104 inc 973 6310
2105 dec 653 6298
2101 dec 654 6287
2092 dec 655 6286
2094 inc 974 6295
2100 inc 975 6296
2101 dec 656 6292
2095 dec 657 6284
2096 inc 976 6307
2093 inc 977 6327
2118 inc 978 6386
2116 inc 979 6429
2152 inc 980 6475
2161 inc 981 6486
2162 inc 982 6490
2163 inc 983 6502
2165 eq 47 6502
2174 inc 984 6520
2163 inc 985 6533
2183 dec 658 6525
2187 dec 659 6498
2155 dec 660 6469
2156 inc 986 6476
2158 dec 661 6475
2162 dec 662 6465
2155 dec 663 6450
2148 dec 664 6444
2147 eq 48 6444
2149 dec 665 6439
2148 dec 666 6434
2142 dec 667 6426
2144 dec 668 6413
2140 dec 669 6401
2129 dec 670 6394
2132 inc 987 6402
2133 inc 988 6413
2137 inc 989 6420
2143 inc 990 6433
2140 dec 671 6425
2150 dec 672 6419
2135 dec 673 6402
2134 inc 991 6403
2133 inc 992 6414
2136 inc 993 6417
2145 inc 994 6418
2136 dec 674 6413
2137 inc 995 6418
2140 dec 675 6399
2141 dec 676 6384
2118 dec 677 6349
2125 dec 678 6335
2106 dec 679 6299
2104 dec 680 6281
2089 dec 681 6253
2088 dec 682 6227
2076 dec 683 6199
2063 dec 684 6177
2060 dec 685 6161
2054 dec 686 6147
2047 dec 687 6140
2046 inc 996 6143
2047 inc 997 6148
2050 dec 688 6147
2051 inc 998 6148
2046 inc 999 6158
2051 inc 1000 6172
2061 inc 1001 6187
2060 inc 1002 6194
2066 inc 1003 6206
2068 inc 1004 6213
2072 inc 1005 6228
2073 inc 1006 6254
2083 inc 1007 6282
2098 inc 1008 6295
2101 eq 49 6295
2096 dec 689 6293
2098 inc 1009 6300
2099 dec 690 6295
2103 dec 691 6288
2093 inc 1010 6296
2092 inc 1011 6332
2111 inc 1012 6392
2129 inc 1013 6440
2152 inc 1014 6466
2159 inc 1015 6477
2155 dec 692 6473
2163 inc 1016 6476
2155 eq 50 6476
2158 inc 1017 6487
2163 inc 1018 6499
2166 dec 693 6497
2170 dec 694 6486
2161 dec 695 6475
2155 dec 696 6461
2159 dec 697 6452
2147 dec 698 6447
2146 inc 1019 6465
2154 inc 1020 6491
2165 inc 1021 6500
2172 inc 1022 6514
2163 inc 1023 6524
2179 inc 1024 6541
2182 dec 699 6530
2180 dec 700 6520
2168 dec 701 6519
2172 inc 1025 6532
2179 inc 1026 6543
2181 dec 702 6540
2183 dec 703 6506
2176 dec 704 6493
2147 dec 705 6489
2170 inc 1027 6515
2172 dec 706 6498
2173 dec 707 6484
2153 dec 708 6451
2158 dec 709 6433
2140 dec 710 6411
2135 dec 711 6405
2136 dec 712 6400
2134 dec 713 6398
2130 inc 1028 6420
2134 inc 1029 6451
2156 inc 1030 6479
2161 inc 1031 6486
2162 dec 714 6474
2163 dec 715 6462
2149 dec 716 6458
2150 inc 1032 6469
2159 inc 1033 6480
2160 inc 1034 6499
2161 inc 1035 6524
2178 inc 1036 6546
2185 dec 717 6526
2183 dec 718 6514
2158 dec 719 6499
2173 inc 1037 6511
2168 dec 720 6503
2170 inc 1038 6516
2165 inc 1039 6519
2181 inc 1040 6529
2173 dec 721 6526
2175 inc 1041 6536
2178 inc 1042 6546
2183 inc 1043 6552
2185 inc 1044 6558
2184 inc 1045 6575
2189 inc 1046 6594
2202 inc 1047 6596
2203 dec 722 6570
2191 dec 723 6544
2176 dec 724 6516
2177 dec 725 6490
2163 dec 726 6472
2150 dec 727 6467
2159 inc 1048 6470
2158 dec 728 6450
2153 dec 729 6428
2139 dec 730 6410
2136 inc 1049 6414
2135 inc 1050 6433
2143 inc 1051 6464
2155 inc 1052 6492
2166 inc 1053 6520
2171 inc 1054 6544
2183 inc 1055 6553
2190 eq 51 6553
2180 dec 731 6528
2183 dec 732 6514
2165 dec 733 6498
2166 inc 1056 6501
2167 dec 734 6495
2168 dec 735 6489
2160 inc 1057 6495
2161 inc 1058 6510
2174 inc 1059 6521
2175 inc 1060 6523
2172 inc 1061 6546
2176 inc 1062 6579
2198 inc 1063 6613
2205 inc 1064 6626
2210 inc 1065 6644
2211 inc 1066 6683
2223 inc 1067 6726
2249 inc 1068 6770
2254 inc 1069 6781
2267 inc 1070 6790
2260 dec 736 6779
2263 dec 737 6777
2256 inc 1071 6779
2258 inc 1072 6801
2265 inc 1073 6822
2278 inc 1074 6835
2279 dec 738 6828
2278 dec 739 6822
2271 eq 52 6822
2273 inc 1075 6830
2278 dec 740 6829
2279 dec 741 6825
2272 inc 1076 6832
2274 inc 1077 6833
2286 inc 1078 6838
2273 dec 742 6830
2279 dec 743 6821
2278 dec 744 6805
2264 dec 745 6791
2263 inc 1079 6801
2264 inc 1080 6825
2274 inc 1081 6869
2287 inc 1082 6904
2308 inc 1083 6927
2309 dec 746 6924
2310 dec 747 6919
2305 dec 748 6912
2304 eq 53 6912
2303 inc 1084 6925
2305 inc 1085 6938
2317 inc 1086 6951
2316 inc 1087 6953
2318 inc 1088 6957
2319 inc 1089 6961
2320 inc 1090 6968
2322 inc 1091 6983
2326 inc 1092 7020
2335 inc 1093 7045
2359 inc 1094 7063
2351 dec 749 7058
2353 inc 1095 7063
2354 dec 750 7051
2356 dec 751 7035
2341 dec 752 7012
2338 dec 753 7005
2333 dec 754 7000
2334 inc 1096 7011
2333 eq 54 7011
2344 inc 1097 7022
2334 dec 755 7001
2344 inc 1098 7008
2323 dec 756 6989
2341 dec 757 6983
2325 dec 758 6969
2317 dec 759 6967
2327 inc 1099 6971
2323 dec 760 6956
2321 dec 761 6930
2312 dec 762 6911
2297 dec 763 6903
2302 inc 1100 6921
2304 inc 1101 6927
2315 inc 1102 6940
2308 inc 1103 6955
2317 inc 1104 6997
2330 inc 1105 7040
2350 inc 1106 7051
2360 dec 764 7043
2341 dec 765 7024
2342 inc 1107 7025
2341 inc 1108 7040
2342 inc 1109 7062
2357 inc 1110 7073
2363 dec 766 7071
2353 dec 767 7060
2355 inc 1111 7061
2352 inc 1112 7066
2354 inc 1113 7075
2360 dec 768 7069
2361 dec 769 7063
2348 dec 770 7057
2354 dec 771 7054
2355 dec 772 7046
2345 dec 773 7038
2346 inc 1114 7053
2347 inc 1115 7065
2360 inc 1116 7078
2358 inc 1117 7079
2360 inc 1118 7085
2361 inc 1119 7090
2364 dec 774 7083
2365 dec 775 7080
2354 dec 776 7077
2361 inc 1120 7096
2362 inc 1121 7110
2373 inc 1122 7121
2375 dec 777 7113
2373 dec 778 7084
2365 dec 779 7073
2346 dec 780 7067
2362 inc 1123 7078
2359 inc 1124 7089
2357 inc 1125 7127
2373 inc 1126 7168
2397 inc 1127 7189
2398 dec 781 7188
2394 inc 1128 7191
2396 inc 1129 7218
2401 inc 1130 7236
2421 inc 1131 7255
2414 dec 782 7240
2420 dec 783 7233
2406 dec 784 7216
2407 dec 785 7212
2403 dec 786 7206
2402 dec 787 7200
2401 dec 788 7194
2397 inc 1132 7213
2396 inc 1133 7260
2420 inc 1134 7310
2444 inc 1135 7318
2446 dec 789 7301
2428 dec 790 7283
2427 inc 1136 7286
2428 inc 1137 7288
2431 inc 1138 7293
2429 inc 1139 7325
2433 inc 1140 7383
2463 inc 1141 7445
2487 inc 1142 7506
2495 inc 1143 7554
2524 inc 1144 7601
2535 inc 1145 7629
2542 inc 1146 7669
2552 inc 1147 7700
2575 inc 1148 7722
2573 dec 791 7715
2574 inc 1149 7718
2568 inc 1150 7727